Sample | Search | Binary          | Classic
--------------------------------------
1      | 0      | 0.00018         | 0.00009
2      | 942    | 0.00189         | 0.02077
3      | 2138   | 0.00211         | 0.04150
4      | 4279   | 0.00204         | 0.08207
5      | 7354   | 0.00198         | 0.14553
6      | 7338   | 0.00229         | 0.14081
7      | 6570   | 0.00222         | 0.12843
8      | 1295   | 0.00232         | 0.03234
9      | 13384  | 0.00239         | 0.26673
10     | 14349  | 0.00247         | 0.28113
11     | 6611   | 0.00222         | 0.13398
12     | 9663   | 0.00226         | 0.18776
13     | 9150   | 0.00193         | 0.17814
14     | 13754  | 0.00247         | 0.29738
15     | 18902  | 0.00231         | 0.38532
16     | 18156  | 0.00308         | 0.36680
17     | 9250   | 0.00239         | 0.19259
18     | 27011  | 0.00254         | 0.54242
19     | 12026  | 0.00260         | 0.23119
20     | 25112  | 0.00256         | 0.49053
21     | 14700  | 0.00226         | 0.28825
22     | 239    | 0.00213         | 0.00488
23     | 15073  | 0.00252         | 0.29343
24     | 8971   | 0.00208         | 0.17693
25     | 23606  | 0.00227         | 0.46479
26     | 18522  | 0.00227         | 0.36439
27     | 31078  | 0.00261         | 0.59947
28     | 34247  | 0.00276         | 0.65931
29     | 21397  | 0.00247         | 0.42614
30     | 13614  | 0.00260         | 0.27038
31     | 7518   | 0.00277         | 0.15056
32     | 30347  | 0.00215         | 0.75809
33     | 50561  | 0.00186         | 0.97402
34     | 29192  | 0.00276         | 0.56194
35     | 34607  | 0.00275         | 0.66053
36     | 67215  | 0.00260         | 1.27620
37     | 43758  | 0.00291         | 0.83828
38     | 8151   | 0.00274         | 0.15610
39     | 16288  | 0.00288         | 0.31081
40     | 25559  | 0.00260         | 0.49028
41     | 18408  | 0.00279         | 0.35873
42     | 55953  | 0.00212         | 1.06230
43     | 55490  | 0.00258         | 1.28619
44     | 6309   | 0.00521         | 0.24135
45     | 16235  | 0.00433         | 0.58179
46     | 87872  | 0.00656         | 1.85442
47     | 5095   | 0.00297         | 0.09746
48     | 80     | 0.00266         | 0.00163
49     | 32373  | 0.00291         | 0.61657
50     | 14487  | 0.00297         | 0.27809
51     | 39163  | 0.00295         | 0.75655
52     | 22490  | 0.00294         | 0.43333
53     | 4574   | 0.00242         | 0.08765
54     | 34592  | 0.00279         | 0.66217
55     | 81979  | 0.00240         | 1.57291
56     | 23767  | 0.00288         | 0.47047
57     | 72533  | 0.00289         | 1.39636
58     | 1585   | 0.00270         | 0.03068
59     | 24941  | 0.00241         | 0.48022
60     | 81051  | 0.00222         | 1.55691
61     | 60572  | 0.00257         | 1.16431
62     | 7817   | 0.00225         | 0.15157
63     | 17765  | 0.00290         | 0.34369
64     | 124743 | 0.00272         | 2.42128
65     | 81069  | 0.00289         | 1.57333
66     | 15889  | 0.00274         | 0.30506
67     | 23607  | 0.00293         | 0.46151
68     | 131856 | 0.00222         | 2.58036
69     | 12341  | 0.00243         | 0.24279
70     | 55826  | 0.00276         | 1.09275
71     | 29867  | 0.00302         | 0.58638
72     | 59463  | 0.00280         | 1.16433
73     | 23933  | 0.00280         | 0.46824
74     | 124826 | 0.00278         | 2.45602
75     | 123364 | 0.00240         | 2.42804
76     | 48448  | 0.00290         | 0.94893
77     | 5290   | 0.00313         | 0.10418
78     | 149974 | 0.00304         | 2.95646
79     | 45681  | 0.00230         | 0.89858
80     | 138222 | 0.00311         | 2.73089
81     | 28011  | 0.00316         | 0.55234
82     | 66164  | 0.00309         | 1.30052
83     | 57609  | 0.00261         | 1.13535
84     | 28411  | 0.00327         | 0.55977
85     | 146016 | 0.00285         | 2.89337
86     | 81135  | 0.00283         | 1.77900
87     | 33024  | 0.00352         | 0.67993
88     | 10266  | 0.00329         | 0.21265
89     | 44418  | 0.00304         | 1.02917
90     | 157711 | 0.00395         | 3.33591
91     | 151197 | 0.00279         | 3.06991
92     | 24074  | 0.00328         | 0.50326
93     | 59026  | 0.00303         | 1.24359
94     | 121835 | 0.00309         | 2.79401
95     | 171344 | 0.00318         | 3.53504
96     | 87644  | 0.00342         | 1.84595
97     | 146216 | 0.00310         | 3.63673
98     | 91726  | 0.00415         | 2.89148
99     | 181283 | 0.00436         | 36.66756
100    | 112323 | 0.10843         | 31.26194
101    | 20712  | 0.07044         | 5.90955
102    | 114506 | 0.06053         | 8.93075
103    | 20583  | 0.00883         | 1.01511
104    | 52311  | 0.00754         | 2.50683
105    | 22918  | 0.00615         | 0.88692
106    | 181002 | 0.00577         | 7.71298
107    | 95811  | 0.00745         | 3.11371
108    | 73663  | 0.00421         | 1.90178
109    | 119989 | 0.00381         | 2.90513
110    | 32679  | 0.00466         | 0.73671
111    | 197542 | 0.00346         | 4.06007
112    | 45360  | 0.00294         | 0.87450
113    | 141212 | 0.00301         | 3.06862
114    | 107688 | 0.00299         | 2.06990
115    | 33589  | 0.00298         | 0.64105
116    | 118674 | 0.00299         | 2.27625
117    | 133481 | 0.00281         | 2.57539
118    | 164984 | 0.00313         | 3.16745
119    | 154211 | 0.00299         | 2.96882
120    | 29856  | 0.00311         | 0.57425
121    | 93867  | 0.00292         | 1.79994
122    | 17593  | 0.00311         | 0.33816
123    | 224717 | 0.00312         | 4.31546
124    | 197972 | 0.00306         | 3.88496
125    | 139656 | 0.00608         | 2.72167
126    | 95441  | 0.00249         | 1.86283
127    | 178947 | 0.00295         | 3.50343
128    | 216911 | 0.00281         | 4.27087
129    | 103147 | 0.00268         | 2.03495
130    | 86318  | 0.00310         | 1.70591
131    | 118970 | 0.00296         | 2.34892
132    | 253190 | 0.00302         | 5.01617
133    | 220564 | 0.00329         | 4.38257
134    | 119489 | 0.00318         | 2.36530
135    | 145261 | 0.00329         | 2.87430
136    | 127584 | 0.00303         | 2.52817
137    | 60737  | 0.00317         | 1.19784
138    | 62868  | 0.00317         | 1.24260
139    | 106597 | 0.00330         | 2.10721
140    | 19224  | 0.00302         | 0.38490
141    | 193193 | 0.00288         | 3.83918
142    | 143067 | 0.00311         | 2.83302
143    | 207093 | 0.00334         | 4.19057
144    | 275790 | 0.00304         | 6.87556
145    | 238545 | 0.00595         | 36.35052
146    | 165637 | 0.05122         | 58.12395
147    | 274415 | 0.05300         | 58.32601
148    | 124050 | 0.00979         | 6.64491
149    | 238226 | 0.00682         | 8.35058
150    | 49413  | 0.00478         | 1.35484
151    | 55905  | 0.00421         | 1.49579
152    | 172279 | 0.00415         | 4.48206
153    | 170145 | 0.00308         | 3.72011
154    | 16377  | 0.00273         | 0.34728
155    | 88701  | 0.00331         | 1.77319
156    | 9143   | 0.00362         | 0.17711
157    | 65549  | 0.00310         | 1.26267
158    | 181845 | 0.00257         | 3.94159
159    | 204814 | 0.00298         | 3.97397
160    | 189002 | 0.00312         | 3.66122
161    | 54133  | 0.00331         | 1.04334
162    | 111157 | 0.00202         | 2.15006
163    | 19495  | 0.00332         | 0.37970
164    | 91169  | 0.00317         | 1.76418
165    | 34268  | 0.00308         | 0.66256
166    | 268045 | 0.00297         | 5.17204
167    | 145150 | 0.00328         | 2.80916
168    | 92119  | 0.00328         | 1.78399
169    | 199424 | 0.00315         | 3.89367
170    | 96645  | 0.00301         | 1.88365
171    | 279684 | 0.00302         | 5.51305
172    | 303246 | 0.00312         | 6.01947
173    | 164996 | 0.00269         | 3.28864
174    | 116335 | 0.00286         | 2.31479
175    | 17499  | 0.00329         | 0.35009
176    | 312072 | 0.00315         | 6.19800
177    | 6669   | 0.00262         | 0.13481
178    | 285988 | 0.00286         | 5.85409
179    | 182245 | 0.00254         | 3.64872
180    | 119738 | 0.00312         | 2.38985
181    | 301439 | 0.00303         | 6.85384
182    | 296131 | 0.00397         | 34.62631
183    | 360710 | 0.05549         | 53.71674
184    | 350836 | 0.00773         | 11.79051
185    | 161233 | 0.00442         | 4.04794
186    | 319904 | 0.00391         | 6.79847
187    | 255924 | 0.00270         | 4.94485
188    | 117523 | 0.00254         | 2.28460
189    | 147322 | 0.00336         | 2.87487
190    | 237573 | 0.00321         | 4.59428
191    | 173014 | 0.00271         | 3.34950
192    | 63579  | 0.00302         | 1.22793
193    | 255226 | 0.00314         | 4.94758
194    | 178234 | 0.00283         | 3.48609
195    | 382138 | 0.00299         | 7.52790
196    | 134256 | 0.00265         | 2.67190
197    | 119012 | 0.00310         | 2.38820
198    | 91516  | 0.00317         | 1.83076
199    | 170076 | 0.00266         | 3.41554
200    | 135821 | 0.00323         | 2.73021
201    | 146262 | 0.00237         | 2.89903
202    | 241647 | 0.00269         | 4.79343
203    | 158029 | 0.00282         | 3.15981
204    | 353888 | 0.00287         | 7.18724
205    | 203224 | 0.00300         | 4.14982
206    | 72298  | 0.00325         | 1.44351
207    | 97952  | 0.00317         | 1.95943
208    | 195302 | 0.00301         | 4.10678
209    | 345089 | 0.00324         | 19.80349
210    | 348075 | 0.05940         | 67.04786
211    | 289838 | 0.01141         | 12.06950
212    | 96123  | 0.00352         | 2.86225
213    | 283986 | 0.00383         | 7.10253
214    | 325881 | 0.00352         | 6.59643
215    | 99090  | 0.00300         | 1.92574
216    | 197144 | 0.00267         | 3.82306
217    | 357964 | 0.00316         | 6.89348
218    | 281003 | 0.00308         | 5.44311
219    | 224231 | 0.00268         | 4.38907
220    | 67453  | 0.00303         | 1.32589
221    | 178816 | 0.00296         | 3.53764
222    | 281612 | 0.00291         | 5.59351
223    | 302941 | 0.00314         | 6.05459
224    | 35362  | 0.00330         | 0.70931
225    | 157080 | 0.00324         | 3.16519
226    | 417403 | 0.00272         | 8.49303
227    | 356766 | 0.00303         | 7.26053
228    | 398832 | 0.00307         | 8.12191
229    | 25672  | 0.00257         | 0.52018
230    | 384052 | 0.00269         | 7.88675
231    | 93117  | 0.00343         | 2.02954
232    | 301384 | 0.00432         | 17.20121
233    | 365516 | 0.02491         | 69.41506
234    | 363679 | 0.00933         | 13.98725
235    | 194579 | 0.00292         | 5.04979
236    | 243555 | 0.00401         | 5.42541
237    | 112684 | 0.00349         | 2.25241
238    | 200343 | 0.00302         | 3.89410
239    | 334499 | 0.00289         | 6.44910
240    | 101726 | 0.00319         | 2.00532
241    | 300580 | 0.00285         | 5.81555
242    | 297168 | 0.00319         | 5.73679
243    | 106030 | 0.00301         | 2.06601
244    | 15920  | 0.00303         | 0.31044
245    | 224713 | 0.00329         | 4.37710
246    | 476178 | 0.00319         | 9.30170
247    | 237987 | 0.00267         | 4.73071
248    | 345943 | 0.00315         | 6.86907
249    | 373850 | 0.00319         | 7.50674
250    | 368634 | 0.00316         | 7.36503